[45, 80, 46]
[55, 95, 56]
[40, 70, 41]
[40, 70, 43]
[55, 105, 56]
[50, 75, 48]
[50, 90, 55]
[55, 85, 57]
[45, 90, 50]
[50, 95, 53]
[50, 95, 54]
[50, 105, 56]
[50, 100, 56]
[50, 85, 49]
[30, 65, 33]
[45, 90, 46]
[35, 75, 39]
[45, 85, 50]
[55, 90, 54]
[50, 70, 47]
[45, 80, 42]
[35, 75, 40]
[35, 60, 36]
[50, 95, 53]
[40, 70, 41]
[50, 85, 53]
[50, 95, 53]
[50, 100, 58]
[50, 80, 50]
[45, 75, 47]
[45, 75, 51]
[50, 90, 49]
[35, 65, 39]
[50, 100, 52]
[55, 100, 64]
[35, 65, 33]
[45, 100, 52]
[50, 80, 53]
[50, 85, 51]
[45, 85, 48]
[45, 85, 50]
[45, 80, 47]
[55, 110, 59]
[40, 70, 39]
[45, 80, 50]
[50, 85, 50]
[50, 95, 51]
[40, 65, 38]
[50, 80, 48]
[50, 90, 52]
[40, 75, 43]
[50, 85, 51]
[50, 90, 49]
[40, 80, 42]
[55, 90, 56]
[55, 105, 57]
[50, 80, 53]
[55, 95, 60]
[45, 75, 47]
[45, 75, 44]
[45, 80, 44]
[35, 70, 41]
[45, 65, 45]
[45, 80, 49]
[50, 90, 52]
[40, 85, 44]
[50, 85, 53]
[50, 90, 56]
[50, 90, 49]
[45, 85, 47]
[50, 90, 54]
[55, 85, 54]
[50, 95, 52]
[45, 70, 46]
[50, 95, 57]
[50, 80, 52]
[55, 95, 57]
[50, 85, 52]
[45, 80, 48]
[55, 100, 58]
[55, 100, 55]
[45, 70, 43]
[50, 85, 51]
[45, 75, 50]
[40, 75, 43]
[55, 95, 56]
[55, 90, 58]
[55, 90, 60]
[50, 85, 55]
[50, 80, 53]
[50, 90, 53]
[50, 80, 50]
[45, 85, 46]
[45, 65, 45]
[45, 75, 49]
[55, 95, 55]
[45, 75, 46]
[45, 65, 46]
[45, 85, 52]
[45, 80, 45]
[35, 65, 36]
[35, 65, 36]
[45, 80, 44]
[35, 65, 35]
[40, 70, 39]
[55, 95, 60]
[50, 90, 51]
[50, 85, 47]
[35, 60, 36]
[50, 85, 52]
[50, 85, 52]
[40, 75, 43]
[50, 70, 50]
[50, 85, 53]
[55, 100, 64]
[40, 70, 42]
[50, 90, 54]
[50, 100, 51]
[45, 75, 46]
[55, 80, 51]
[40, 75, 46]
[55, 90, 51]
[40, 65, 40]
[50, 105, 55]
[50, 85, 52]
[40, 60, 38]
[45, 75, 46]
[35, 65, 35]
[45, 75, 47]
[40, 70, 42]
[40, 75, 40]
[45, 85, 47]
[50, 70, 48]
[40, 70, 38]
[50, 90, 54]
[50, 75, 50]
[40, 60, 40]
[35, 75, 39]
[50, 80, 49]
[35, 65, 36]
[55, 85, 55]
[55, 95, 55]
[55, 115, 57]
[50, 80, 52]
[50, 65, 47]
[50, 85, 51]
[50, 90, 54]
[40, 70, 41]
[50, 105, 55]
[50, 90, 49]
[50, 85, 51]
[50, 75, 51]
[45, 80, 52]
[45, 85, 48]
[40, 80, 43]
[50, 105, 56]
[50, 90, 54]
[50, 90, 54]
[30, 55, 36]
[55, 95, 59]
[50, 75, 48]
[40, 80, 42]
[45, 85, 49]
[50, 70, 49]
[55, 110, 63]
[55, 95, 57]
[45, 85, 43]
[55, 120, 64]
[55, 105, 58]
[50, 95, 54]
[55, 100, 52]
[50, 95, 52]
[50, 95, 55]
[50, 85, 53]
[40, 65, 40]
[45, 80, 51]
[45, 75, 47]
[35, 55, 34]
[50, 80, 55]
[30, 50, 32]
[50, 90, 52]
[45, 80, 48]
[40, 75, 42]
[45, 90, 51]
[40, 85, 45]
[50, 80, 50]
[45, 100, 52]
[45, 75, 46]
[50, 100, 51]
[50, 75, 46]
[50, 85, 58]
[40, 75, 42]
[40, 75, 42]
[55, 100, 59]
[55, 90, 53]
[45, 85, 49]
[50, 90, 51]
[45, 85, 46]
[40, 70, 41]
[35, 75, 36]
[55, 95, 60]
[50, 85, 50]
[40, 70, 42]
[45, 65, 40]
[40, 75, 45]
[35, 65, 40]
[45, 85, 50]
[35, 55, 34]
[55, 105, 56]
[50, 90, 53]
[50, 85, 49]
[45, 90, 52]
[40, 85, 45]
[35, 65, 36]
[45, 85, 50]
[50, 95, 54]
[55, 85, 58]
[40, 90, 47]
[45, 80, 50]
[45, 75, 48]
[30, 60, 31]
[45, 90, 52]
[45, 75, 44]
[45, 85, 52]
[45, 85, 48]
[35, 70, 42]
[50, 75, 48]
[40, 70, 43]
[30, 55, 30]
[40, 75, 43]
[55, 85, 58]
[50, 85, 56]
[50, 95, 51]
[50, 85, 47]
[45, 80, 45]
[50, 80, 50]
[45, 70, 48]
[50, 80, 50]
[50, 85, 51]
[40, 70, 42]
[45, 75, 44]
[25, 40, 29]
[50, 80, 53]
[50, 90, 53]
[40, 65, 41]
[45, 85, 46]
[35, 65, 34]
[45, 85, 47]
[45, 65, 44]
[50, 95, 51]
[45, 95, 52]
[35, 60, 37]
[50, 80, 47]
[40, 80, 44]
[50, 80, 50]
[40, 75, 43]
[45, 70, 43]
[55, 100, 56]
[50, 105, 57]
[50, 95, 56]
[55, 95, 59]
[45, 85, 48]
[50, 95, 54]
[55, 85, 55]
[40, 60, 38]
[50, 80, 49]
[50, 90, 52]
[50, 90, 48]
[45, 85, 46]
[40, 75, 43]
[35, 65, 38]
[50, 100, 55]
[50, 85, 48]
[45, 70, 44]
[55, 115, 64]
[50, 85, 50]
[45, 85, 46]
[40, 80, 43]
[40, 65, 41]
[55, 115, 59]
[40, 70, 41]
[40, 60, 39]
[45, 85, 46]
[45, 60, 42]
[40, 70, 41]
[45, 85, 52]
[50, 80, 46]
[55, 95, 60]
[35, 60, 34]
[50, 75, 47]
[40, 80, 44]
[55, 110, 61]
[55, 95, 61]
[45, 75, 48]
[50, 100, 52]
[50, 90, 55]
[50, 95, 54]
[55, 75, 52]
[55, 95, 52]
[55, 105, 59]
[50, 90, 55]
[50, 100, 59]
[45, 90, 50]
[55, 95, 52]
[50, 80, 48]
[40, 65, 40]
[55, 85, 54]
[55, 90, 57]
[55, 95, 56]
[35, 70, 38]
[55, 95, 55]
[35, 65, 40]
[40, 65, 41]
[30, 50, 31]
[40, 70, 41]
[45, 90, 48]
[50, 95, 55]
[40, 85, 41]
[50, 80, 49]
[40, 70, 39]
[45, 80, 44]
[55, 105, 60]
[40, 75, 43]
[35, 70, 39]
[45, 95, 48]
[40, 75, 46]
[50, 95, 56]
[55, 90, 53]
[40, 70, 44]
[45, 85, 49]
[45, 80, 47]
[45, 75, 43]
[50, 75, 45]
[50, 100, 53]
[45, 75, 44]
[45, 65, 47]
[50, 80, 48]
[40, 75, 44]
[50, 85, 51]
[45, 90, 47]
[40, 60, 41]
[40, 75, 46]
[55, 95, 59]
[40, 75, 42]
[45, 75, 46]
[45, 70, 44]
[40, 65, 39]
[50, 80, 50]
[30, 55, 33]
[35, 65, 38]
[45, 75, 49]
[40, 75, 44]
[50, 75, 50]
[55, 110, 58]
[50, 95, 55]
[55, 95, 56]
[50, 75, 49]
[50, 85, 51]
[45, 90, 49]
[55, 85, 53]
[50, 85, 50]
[55, 85, 51]
[50, 70, 44]
[50, 80, 50]
[45, 100, 50]
[55, 105, 58]
[50, 95, 59]
[50, 95, 55]
[55, 100, 58]
[50, 95, 53]
[45, 80, 46]
[55, 90, 55]
[55, 105, 57]
[45, 70, 44]
[55, 80, 54]
[45, 85, 45]
[40, 70, 41]
[50, 90, 53]
[55, 95, 55]
[55, 105, 55]
[45, 70, 45]
[40, 70, 40]
[45, 75, 44]
[55, 110, 63]
[55, 100, 58]
[50, 100, 52]
[55, 110, 64]
[55, 110, 55]
[40, 70, 45]
[40, 65, 41]
[45, 80, 46]
[55, 110, 56]
[50, 95, 59]
[40, 75, 41]
[40, 75, 44]
[55, 95, 58]
[40, 70, 39]
[45, 70, 44]
[45, 80, 47]
[55, 90, 53]
[50, 95, 56]
[45, 75, 49]
[50, 100, 56]
[45, 85, 46]
[55, 110, 59]
[55, 100, 59]
[35, 80, 38]
[45, 70, 46]
[50, 75, 49]
[50, 85, 55]
[45, 75, 43]
[50, 80, 51]
[50, 80, 49]
[50, 85, 46]
[55, 90, 57]
[50, 100, 55]
[40, 75, 43]
[50, 80, 51]
[45, 85, 46]
[35, 65, 39]
[55, 85, 54]
[50, 90, 47]
[50, 80, 51]
[55, 105, 61]
[45, 75, 45]
[55, 95, 58]
[55, 90, 58]
[50, 70, 49]
[45, 80, 48]
[50, 85, 50]
[40, 65, 41]
[55, 105, 60]
[50, 85, 52]
[50, 90, 56]
[40, 80, 43]
[45, 100, 47]
[40, 70, 41]
[55, 95, 54]
[40, 85, 48]
[35, 70, 42]
[40, 70, 40]
[55, 90, 55]
[45, 85, 48]
[45, 80, 46]
[50, 85, 49]
[45, 65, 46]
[55, 95, 61]
[55, 95, 57]
[45, 70, 44]
[45, 85, 52]
[50, 85, 51]
[40, 75, 43]
[50, 85, 49]
[40, 70, 45]
[40, 70, 43]
[55, 105, 58]
[40, 70, 44]
[50, 75, 49]
[30, 45, 29]
[55, 105, 56]
[50, 90, 52]
[55, 90, 57]
[50, 80, 49]
[55, 105, 63]
[40, 75, 43]
[50, 85, 51]
[45, 75, 48]
[50, 85, 52]
[50, 80, 50]
[50, 90, 52]
[50, 90, 54]
[45, 70, 42]
[45, 85, 48]
[45, 90, 49]
[45, 80, 44]
[45, 90, 49]
[30, 65, 37]
[55, 90, 54]
[45, 75, 46]
[50, 90, 53]
[45, 70, 49]
[55, 100, 62]
[45, 80, 46]
[45, 75, 48]
[50, 90, 55]
[45, 85, 45]
[50, 105, 60]
[45, 85, 54]
[50, 80, 49]
[45, 95, 52]
[45, 80, 48]
[55, 90, 56]
[45, 80, 48]
[50, 75, 51]
[45, 75, 45]
[45, 90, 53]
[50, 90, 47]
[45, 75, 46]
[50, 70, 48]
[50, 90, 52]
[30, 55, 34]
[50, 90, 54]
[55, 90, 57]
[50, 90, 53]
[40, 80, 45]
[40, 75, 41]
[45, 75, 47]
[55, 95, 59]
[25, 60, 28]
[50, 85, 54]
[50, 85, 49]
[40, 75, 41]
[50, 90, 54]
[45, 85, 51]
[40, 75, 40]
[35, 55, 37]
[50, 80, 50]
[40, 65, 40]
[45, 85, 45]
[40, 70, 43]
[50, 75, 48]
[45, 70, 46]
[50, 90, 55]
[50, 90, 49]
[35, 75, 42]
[45, 100, 50]
[55, 85, 53]
[40, 75, 41]
[55, 100, 59]
[50, 85, 51]
[40, 80, 42]
[55, 110, 57]
[45, 80, 46]
[55, 110, 63]
[50, 90, 50]
[55, 110, 59]
[55, 90, 54]
[45, 85, 48]
[50, 80, 48]
[45, 75, 52]
[45, 65, 45]
[55, 95, 57]
[50, 95, 53]
[50, 80, 48]
[55, 100, 59]
[45, 85, 46]
[35, 65, 38]
[55, 95, 62]
[50, 75, 50]
[55, 75, 52]
[45, 90, 48]
[55, 90, 57]
[50, 95, 52]
[50, 85, 49]
[45, 75, 42]
[55, 85, 52]
[45, 75, 45]
[50, 80, 50]
[55, 85, 51]
[45, 85, 46]
[30, 60, 33]
[50, 90, 48]
[45, 75, 48]
[45, 80, 47]
[55, 80, 50]
[40, 70, 45]
[50, 80, 51]
[50, 80, 50]
[50, 95, 50]
[50, 80, 56]
[45, 80, 46]
[45, 70, 47]
[55, 110, 64]
[45, 80, 45]
[50, 85, 49]
[45, 75, 44]
[55, 110, 57]
[40, 65, 38]
[50, 85, 54]
[40, 70, 39]
[50, 90, 57]
[35, 65, 39]
[40, 65, 40]
[40, 70, 42]
[50, 90, 53]
[50, 85, 46]
[40, 70, 41]
[50, 90, 55]
[50, 100, 54]
[50, 90, 55]
[50, 90, 50]
[45, 80, 48]
[55, 85, 56]
[40, 60, 38]
[35, 75, 42]
[50, 90, 52]
[55, 95, 59]
[50, 100, 58]
[45, 90, 47]
[40, 70, 42]
[50, 90, 52]
[45, 70, 47]
[55, 105, 55]
[50, 90, 55]
[40, 70, 46]
[35, 75, 38]
[45, 70, 47]
[45, 85, 49]
[35, 80, 42]
[45, 70, 45]
[45, 95, 52]
[45, 75, 48]
[55, 100, 60]
[55, 95, 54]
[45, 75, 50]
[55, 95, 56]
[50, 80, 49]
[55, 90, 52]
[45, 75, 44]
[55, 100, 60]
[50, 80, 48]
[45, 80, 49]
[50, 80, 51]
[50, 75, 49]
[50, 90, 50]
[45, 70, 46]
[45, 90, 49]
[55, 110, 60]
[35, 65, 40]
[45, 80, 48]
[50, 100, 59]
[50, 80, 50]
[50, 80, 49]
[50, 90, 49]
[45, 75, 46]
[50, 105, 55]
[45, 90, 47]
[45, 95, 53]
[45, 75, 46]
[50, 90, 51]
[45, 75, 46]
[45, 85, 48]
[55, 95, 56]
[50, 85, 50]
[45, 70, 47]
[45, 80, 50]
[55, 90, 55]
[40, 80, 43]
[55, 80, 54]
[40, 70, 44]
[45, 70, 43]
[55, 110, 59]
[45, 80, 45]
[40, 70, 39]
[45, 65, 41]
[50, 90, 51]
[40, 65, 41]
[45, 85, 48]
[50, 105, 55]
[35, 70, 35]
[45, 75, 42]
[55, 95, 55]
[55, 75, 53]
[40, 75, 41]
[35, 65, 39]
[50, 90, 49]
[50, 90, 55]
[55, 100, 59]
[50, 100, 53]
[40, 75, 44]
[30, 70, 35]
[50, 90, 52]
[55, 95, 58]
[50, 95, 55]
[55, 95, 57]
[40, 80, 39]
[55, 95, 56]
[50, 90, 53]
[45, 85, 47]
[50, 80, 48]
[50, 85, 53]
[50, 80, 54]
[50, 95, 49]
[55, 100, 61]
[50, 90, 52]
[45, 90, 50]
[50, 80, 51]
[50, 85, 49]
[45, 80, 50]
[45, 75, 44]
[55, 85, 56]
[55, 85, 59]
[55, 105, 59]
[55, 90, 59]
[45, 85, 51]
[50, 80, 48]
[45, 90, 49]
[50, 75, 47]
[55, 90, 59]
[55, 100, 60]
[50, 95, 54]
[45, 80, 47]
[50, 100, 58]
[50, 80, 49]
[55, 100, 56]
[40, 75, 42]
[50, 80, 51]
[50, 90, 58]
[45, 75, 45]
[40, 65, 43]
[55, 95, 59]
[55, 95, 57]
[45, 85, 45]
[50, 95, 49]
[35, 60, 35]
[30, 55, 31]
[45, 75, 48]
[50, 80, 50]
[55, 100, 55]
[50, 80, 44]
[40, 70, 43]
[40, 70, 41]
[55, 90, 60]
[55, 100, 59]
[50, 75, 49]
[45, 85, 48]
[45, 75, 44]
[45, 85, 48]
[55, 85, 52]
[50, 80, 51]
[40, 75, 43]
[45, 95, 50]
[45, 85, 50]
[40, 75, 40]
[40, 60, 38]
[50, 95, 51]
[45, 70, 43]
[50, 70, 51]
[50, 90, 51]
[55, 90, 56]
[40, 70, 40]
[55, 90, 54]
[55, 100, 60]
[50, 95, 49]
[40, 70, 42]
[50, 85, 47]
[50, 70, 50]
[40, 75, 42]
[50, 70, 47]
[50, 80, 49]
[45, 80, 44]
[50, 85, 52]
[40, 80, 40]
[45, 85, 49]
[55, 110, 64]
[50, 85, 52]
[50, 85, 52]
[50, 90, 53]
[40, 85, 44]
[40, 90, 51]
[50, 90, 53]
[45, 80, 50]
[40, 70, 41]
[55, 100, 57]
[50, 95, 49]
[55, 100, 52]
[55, 100, 59]
[50, 95, 51]
[50, 95, 55]
[45, 75, 49]
[45, 80, 46]
[50, 90, 55]
[50, 95, 52]
[45, 90, 51]
[55, 105, 58]
[50, 90, 60]
[50, 80, 50]
[40, 70, 43]
[40, 70, 44]
[50, 85, 48]
[50, 90, 51]
[50, 80, 54]
[55, 95, 54]
[55, 105, 60]
[50, 85, 49]
[35, 65, 38]
[45, 75, 43]
[45, 75, 44]
[50, 100, 54]
[55, 110, 61]
[30, 55, 31]
[40, 65, 39]
[40, 70, 42]
[45, 85, 48]
[45, 85, 46]
[50, 90, 53]
[55, 90, 55]
[50, 100, 53]
[45, 75, 48]
[45, 80, 51]
[55, 90, 52]
[50, 80, 53]
[50, 80, 51]
[45, 80, 46]
[45, 70, 43]
[55, 90, 55]
[45, 75, 46]
[55, 115, 62]
[45, 80, 47]
[55, 85, 57]
[50, 90, 56]
[50, 80, 51]
[55, 90, 52]
[40, 75, 45]
[55, 95, 59]
[30, 65, 33]
[45, 95, 50]
[50, 75, 48]
[55, 100, 63]
[50, 95, 56]
[55, 90, 58]
[55, 85, 55]
[45, 80, 51]
[50, 95, 50]
[45, 80, 47]
[50, 80, 52]
[55, 90, 54]
[40, 75, 41]
[55, 100, 55]
[55, 95, 53]
[50, 75, 47]
[40, 70, 41]
[55, 95, 60]
[55, 100, 59]
[40, 65, 42]
[45, 80, 47]
[35, 55, 37]
[50, 80, 49]
[45, 80, 49]
[50, 80, 51]
[50, 85, 52]
[50, 90, 54]
[55, 105, 60]
[40, 60, 39]
[55, 95, 57]
[55, 100, 57]
[45, 85, 49]
[45, 90, 50]
[50, 95, 58]
[40, 65, 43]
[45, 65, 41]
[45, 85, 51]
[50, 90, 54]
[55, 95, 59]
[45, 85, 48]
[45, 90, 52]
[50, 90, 57]
[40, 65, 40]
[40, 65, 40]
[50, 75, 51]
[55, 120, 59]
[50, 80, 51]
[55, 80, 54]
[40, 70, 40]
[35, 65, 36]
[45, 70, 44]
[50, 85, 51]
[55, 105, 58]
[45, 80, 47]
[45, 80, 44]
[55, 90, 52]
[50, 85, 49]
[40, 70, 45]
[45, 70, 44]
[50, 100, 57]
[55, 85, 57]
[40, 80, 43]
[45, 70, 47]
[55, 95, 55]
[50, 85, 50]
[50, 75, 51]
[40, 65, 44]
[50, 90, 53]
[35, 65, 38]
[50, 80, 54]
[55, 105, 62]
[45, 90, 50]
[45, 90, 48]
[35, 65, 34]
[40, 75, 42]
[55, 85, 55]
[50, 80, 52]
[55, 110, 62]
[55, 85, 57]
[55, 85, 56]
[45, 75, 46]
[50, 75, 49]
[40, 60, 40]
[40, 85, 48]
[45, 95, 47]
[45, 75, 42]
[50, 100, 60]
[50, 75, 45]
[30, 70, 35]
[45, 90, 47]
[55, 70, 52]
[55, 105, 56]
[50, 80, 48]
[45, 85, 44]
[30, 70, 35]
[55, 105, 56]
[50, 100, 56]
[40, 85, 47]
[50, 90, 51]
[55, 100, 59]
[50, 80, 49]
[55, 90, 56]
[55, 100, 60]
[55, 105, 59]
[45, 80, 45]
[55, 95, 60]
[30, 70, 35]
[50, 80, 52]
[45, 70, 44]
[45, 70, 47]
[50, 90, 54]
[50, 90, 50]
[40, 70, 41]
[45, 65, 45]
[50, 90, 51]
[50, 95, 56]
[35, 55, 32]
[50, 95, 56]
[50, 80, 51]
[45, 85, 45]
[50, 80, 54]
[55, 80, 52]
[50, 95, 57]
[40, 75, 41]
[45, 90, 50]
[55, 100, 56]
[50, 100, 55]
[55, 105, 56]
[55, 105, 62]
[50, 95, 58]
[30, 55, 33]
[55, 90, 55]
[40, 70, 43]
[45, 80, 43]
[45, 80, 48]
[45, 80, 48]
[40, 70, 42]
[35, 65, 37]
[50, 95, 50]
[35, 50, 31]
[45, 70, 44]
[35, 55, 36]
[50, 85, 51]
[55, 90, 59]
[40, 75, 40]
[55, 85, 56]
[50, 70, 50]
[50, 95, 57]
[55, 80, 57]
[50, 90, 55]
[45, 85, 49]
[55, 95, 54]
[55, 90, 57]
[40, 65, 44]
[40, 80, 44]
[50, 90, 51]
[45, 95, 46]
[50, 75, 53]
[50, 80, 44]
[40, 65, 42]
[45, 85, 50]
[40, 60, 42]
[55, 95, 58]
[45, 75, 46]
[40, 65, 39]
[35, 70, 35]
[55, 85, 57]
[40, 65, 43]
[40, 65, 42]
[45, 90, 48]
[50, 100, 59]
[50, 80, 50]
[45, 75, 46]
[50, 90, 53]
[40, 75, 41]
[45, 80, 43]
[45, 80, 45]
[35, 75, 38]
[50, 85, 54]
[45, 80, 46]
[35, 70, 38]
[55, 85, 56]
[55, 110, 63]
[40, 65, 45]
[45, 75, 42]
[40, 65, 39]
[50, 90, 54]
[55, 110, 60]
[55, 95, 53]
[45, 75, 44]
[45, 85, 49]
[40, 70, 44]
[55, 105, 59]
[45, 85, 47]
[50, 90, 51]
[30, 60, 37]
[55, 90, 60]
[55, 85, 55]
[55, 110, 59]
[50, 100, 53]
[40, 65, 39]
[45, 75, 44]
[30, 65, 35]
[45, 75, 48]
[50, 95, 52]
[50, 75, 47]
[50, 85, 50]
[45, 80, 46]
[50, 90, 54]
[50, 80, 46]
[35, 75, 38]
[55, 95, 57]
[55, 100, 55]
[35, 60, 37]
[35, 60, 38]
[35, 60, 35]
[50, 90, 54]
[55, 100, 58]
[55, 105, 62]
[50, 90, 47]
[55, 110, 62]
[35, 65, 37]
[40, 75, 42]
[30, 50, 33]
[40, 80, 46]
[40, 75, 45]
[55, 95, 61]
[50, 80, 53]
[40, 60, 38]
[55, 105, 55]
[30, 55, 33]
[35, 65, 40]
[40, 85, 43]
[45, 85, 49]
[50, 95, 61]
[40, 70, 41]
[50, 90, 51]
[30, 45, 32]
[40, 65, 40]
[35, 70, 42]
[50, 105, 53]
[45, 85, 51]
[40, 75, 48]
[45, 85, 47]
[45, 75, 42]
[45, 85, 47]
[50, 100, 55]
[50, 105, 59]
[50, 105, 53]
[50, 95, 53]
[55, 95, 59]
[35, 75, 40]
[50, 80, 47]
[45, 75, 46]
[50, 95, 52]
[45, 75, 47]
[45, 80, 48]
[55, 100, 57]
[40, 75, 39]
[35, 65, 38]
[55, 80, 55]
[25, 45, 28]
[45, 85, 47]
[45, 80, 48]
[45, 100, 52]
[45, 75, 45]
[50, 95, 53]
[55, 90, 56]
[45, 90, 46]
[50, 85, 52]
[55, 110, 61]
[55, 95, 63]
[50, 90, 53]
[40, 65, 42]
[50, 85, 54]
[55, 100, 58]
[50, 95, 52]
[30, 55, 31]
[45, 85, 47]
[55, 95, 56]
[35, 70, 41]
[45, 75, 44]
[55, 95, 59]
[45, 90, 50]
[40, 85, 46]
[50, 85, 50]
[50, 90, 53]
[55, 105, 62]
[40, 80, 47]
[55, 90, 52]
[50, 95, 50]
[40, 70, 43]
[50, 85, 48]
[40, 80, 43]
[55, 105, 61]
[45, 85, 46]
[40, 70, 45]
[35, 65, 40]
[40, 70, 45]
[45, 75, 46]
[50, 85, 51]
[45, 85, 48]
[50, 80, 55]
[50, 85, 52]
[40, 65, 41]
[55, 90, 55]
[45, 85, 46]
[55, 100, 57]
[40, 75, 46]
[55, 100, 58]
[45, 85, 47]
[50, 90, 56]
[55, 90, 55]
[55, 100, 62]
[50, 95, 51]
[45, 90, 52]
[30, 50, 32]
[50, 85, 47]
[50, 85, 55]
[50, 90, 52]
[50, 95, 55]
[45, 80, 47]
[40, 75, 41]
[45, 70, 43]
[25, 55, 29]
[40, 80, 45]
[45, 85, 49]
[50, 90, 54]
[45, 90, 45]
[45, 95, 48]
[55, 105, 57]
[55, 105, 57]
[55, 100, 56]
[35, 75, 39]
[50, 85, 50]
[50, 75, 49]
[30, 60, 34]
[50, 90, 53]
[45, 90, 53]
[55, 90, 56]
[35, 70, 36]
[20, 40, 24]
[55, 90, 57]
[50, 90, 55]
[45, 80, 44]
[40, 80, 45]
[45, 90, 52]
[55, 95, 56]
[45, 100, 50]
[45, 85, 51]
[50, 85, 49]
[40, 70, 42]
[50, 105, 56]
[45, 85, 45]
[50, 85, 49]
[45, 85, 48]
[40, 75, 41]
[55, 95, 60]
[50, 85, 52]
[50, 110, 55]
[55, 100, 59]
[55, 105, 63]
[55, 90, 54]
[40, 90, 45]
[55, 90, 54]
[50, 90, 48]
[50, 85, 56]
[55, 95, 52]
[50, 85, 52]
[45, 80, 47]
[40, 60, 38]
[50, 95, 53]
[50, 80, 49]
[55, 105, 59]
[55, 95, 56]
[45, 80, 47]
[50, 80, 47]
[50, 90, 53]
[50, 100, 52]
[50, 75, 48]
[45, 75, 46]
[45, 70, 42]
[40, 65, 39]
[45, 85, 46]
[50, 95, 55]
[50, 85, 51]
[55, 100, 56]
[55, 105, 59]
[45, 65, 45]
[55, 85, 55]
[45, 80, 46]
[45, 85, 55]
[50, 80, 50]
[35, 65, 38]
[50, 80, 50]
[40, 80, 42]
[40, 60, 36]
[55, 100, 58]
[45, 80, 48]
[45, 95, 51]
[50, 85, 54]
[45, 65, 43]
[50, 80, 50]
[50, 80, 54]
[45, 80, 47]
[55, 100, 60]
[55, 95, 60]
[50, 110, 58]
[50, 95, 51]
[45, 85, 53]
[50, 80, 48]
[50, 85, 52]
[50, 85, 53]
[55, 100, 60]
[30, 55, 32]
[55, 95, 56]
[50, 85, 52]
[45, 90, 53]
[45, 75, 45]
[40, 70, 44]
[50, 75, 53]
[55, 85, 55]
[40, 80, 41]
[45, 85, 46]
[45, 85, 49]
[50, 95, 52]
[55, 95, 58]
[40, 70, 42]
[45, 85, 48]
[40, 70, 42]
[45, 70, 46]
[50, 95, 53]
[55, 100, 56]
[45, 70, 46]
[50, 95, 57]
[50, 105, 53]
[55, 95, 59]
[50, 95, 54]
[50, 95, 53]
[40, 75, 41]
[50, 95, 54]
[45, 95, 47]
[50, 90, 49]
[35, 60, 36]
[50, 90, 52]
[35, 75, 38]
[45, 85, 48]
[35, 60, 32]
[50, 90, 56]
[50, 90, 53]
[50, 95, 55]
[45, 85, 52]
[45, 75, 47]
[50, 90, 54]
[50, 100, 56]
[55, 100, 57]
[40, 80, 46]
[45, 75, 48]
[35, 65, 37]
[50, 95, 55]
[45, 75, 49]
[45, 90, 48]
[50, 90, 55]
[45, 85, 48]
[50, 90, 57]
[45, 90, 47]
[40, 75, 43]
[45, 75, 46]
[45, 70, 43]
[45, 70, 47]
[45, 80, 51]
[50, 75, 51]
[55, 105, 62]
[40, 50, 36]
[40, 60, 37]
[50, 85, 52]
[45, 75, 46]
[45, 75, 46]
[50, 90, 50]
[40, 65, 40]
[50, 105, 56]
[40, 70, 40]
[45, 90, 50]
[35, 60, 37]
[45, 80, 48]
[50, 90, 50]
[55, 90, 56]
[55, 100, 58]
[55, 110, 61]
[55, 95, 57]
[50, 90, 50]
[45, 80, 48]
[50, 95, 51]
[45, 85, 49]
[50, 80, 53]
[50, 80, 51]
[45, 70, 43]
[30, 60, 31]
[55, 100, 57]
[30, 65, 33]
[50, 85, 53]
[45, 65, 44]
[50, 75, 51]
[40, 85, 43]
[30, 45, 30]
[45, 80, 48]
[40, 70, 38]
[40, 75, 46]
[55, 95, 54]
[50, 90, 53]
[50, 75, 49]
[50, 90, 56]
[30, 45, 31]
[50, 100, 55]
[50, 90, 57]
[50, 75, 47]
[50, 95, 51]
[25, 55, 30]
[40, 75, 43]
[45, 75, 43]
[55, 100, 60]
[55, 120, 62]
[55, 105, 61]
[35, 60, 41]
[55, 90, 53]
[55, 95, 58]
[55, 95, 55]
[50, 80, 49]
[35, 70, 38]
[50, 85, 52]
[40, 80, 42]
[50, 80, 47]
[50, 105, 57]
[50, 80, 50]
[50, 85, 49]
[50, 95, 51]
[55, 85, 53]
[50, 95, 52]
[45, 70, 45]
[55, 105, 59]
[35, 65, 41]
[45, 80, 45]
[55, 90, 55]
[45, 80, 46]
[35, 55, 38]
[40, 70, 44]
[35, 60, 36]
[30, 50, 35]
[40, 75, 43]
[50, 80, 45]
[55, 90, 55]
[30, 50, 31]
[40, 60, 39]
[40, 80, 41]
[35, 50, 33]
[45, 75, 48]
[45, 90, 47]
[45, 75, 48]
[55, 100, 56]
[55, 90, 53]
[35, 50, 37]
[45, 85, 48]
[50, 90, 55]
[40, 65, 42]
[55, 95, 55]
[45, 95, 53]
[30, 60, 33]
[55, 85, 54]
[50, 85, 53]
[55, 100, 59]
[40, 85, 43]
[50, 100, 58]
[55, 90, 53]
[45, 75, 45]
[45, 85, 48]
[50, 95, 51]
[55, 85, 53]
[45, 70, 44]
[50, 80, 46]
[55, 80, 55]
[55, 95, 61]
[40, 75, 45]
[50, 75, 52]
[55, 105, 61]
[50, 95, 57]
[55, 85, 57]
[50, 80, 50]
[55, 80, 51]
[35, 55, 32]
[45, 95, 52]
[55, 100, 56]
[45, 85, 51]
[45, 80, 45]
[40, 70, 43]
[45, 65, 44]
[50, 100, 56]
[45, 85, 48]
[45, 75, 50]
[35, 70, 37]
[50, 80, 49]
[50, 90, 55]
[35, 70, 40]
[45, 75, 51]
[45, 90, 46]
[40, 80, 45]
[45, 75, 47]
[50, 90, 54]
[45, 70, 46]
[50, 90, 54]
[50, 85, 51]
[50, 95, 53]
[55, 110, 64]
[45, 75, 47]
[50, 80, 57]
[35, 65, 37]
[45, 70, 45]
[45, 75, 44]
[55, 85, 56]
[55, 90, 56]
[50, 70, 48]
[50, 95, 51]
[45, 75, 48]
[50, 90, 58]
[45, 80, 44]
[45, 90, 47]
[40, 75, 45]
[50, 100, 58]
[50, 90, 54]
[55, 95, 59]
[50, 100, 53]
[50, 95, 55]
[35, 65, 39]
[50, 100, 54]
[55, 80, 54]
[35, 60, 33]
[45, 85, 49]
[40, 80, 46]
[50, 65, 48]
[55, 85, 56]
[55, 105, 59]
[50, 85, 57]
[35, 55, 34]
[55, 110, 61]
[50, 85, 51]
[55, 100, 57]
[45, 75, 45]
[50, 95, 53]
[45, 90, 48]
[55, 90, 53]
[45, 75, 43]
[40, 85, 45]
[50, 100, 53]
[35, 70, 39]
[45, 80, 48]
[20, 35, 20]
[50, 90, 54]
[35, 75, 38]
[40, 85, 44]
[45, 70, 46]
[45, 90, 50]
[45, 75, 45]
[35, 60, 35]
[50, 85, 52]
[50, 90, 54]
[50, 95, 58]
[55, 105, 60]
[55, 85, 55]
[55, 100, 60]
[45, 80, 44]
[45, 70, 42]
[35, 70, 41]
[35, 65, 41]
[45, 85, 44]
[50, 85, 51]
[45, 90, 50]
[50, 85, 52]
[50, 90, 48]
[45, 70, 45]
[45, 95, 50]
[45, 70, 39]
[40, 80, 45]
[55, 80, 53]
[30, 50, 29]
[45, 80, 46]
[45, 65, 43]
[40, 80, 45]
[55, 90, 57]
[40, 70, 40]
[45, 85, 43]
[50, 80, 51]
[50, 85, 49]
[45, 75, 45]
[55, 110, 60]
[45, 80, 46]
[40, 70, 43]
[55, 80, 58]
[45, 65, 45]
[55, 80, 55]
[55, 100, 59]
[45, 70, 42]
[55, 75, 52]
[50, 90, 52]
[45, 80, 47]
[45, 75, 43]
[50, 85, 51]
[55, 100, 53]
[50, 80, 52]
[50, 95, 51]
[50, 90, 53]
[50, 90, 51]
[55, 90, 56]
[50, 80, 48]
[50, 85, 49]
[55, 95, 59]
[50, 90, 48]
[45, 80, 48]
[50, 80, 54]
[50, 90, 56]
[50, 75, 48]
[35, 70, 37]
[50, 80, 48]
[50, 85, 51]
[50, 90, 52]
[50, 85, 52]
[40, 70, 40]
[40, 70, 38]
[45, 80, 49]
[55, 95, 58]
[40, 75, 44]
[50, 85, 54]
[25, 35, 26]
[45, 90, 50]
[40, 65, 40]
[55, 100, 60]
[45, 80, 46]
[55, 100, 56]
[45, 80, 49]
[50, 90, 57]
[45, 80, 46]
[45, 100, 50]
[35, 55, 32]
[35, 70, 38]
[55, 85, 59]
[45, 80, 47]
[55, 95, 60]
[40, 80, 44]
[55, 90, 53]
[50, 100, 57]
[50, 95, 50]
[50, 85, 50]
[50, 80, 52]
[50, 85, 47]
[55, 95, 58]
[55, 115, 62]
[55, 100, 59]
[50, 95, 54]
[40, 70, 43]
[45, 85, 48]
[35, 75, 41]
[35, 75, 44]
[45, 80, 49]
[50, 90, 55]
[50, 95, 54]
[55, 100, 54]
[50, 80, 48]
[50, 85, 53]
[45, 75, 48]
[45, 75, 45]
[50, 90, 53]
[50, 90, 54]
[50, 90, 56]
[25, 55, 30]
[55, 95, 56]
[45, 80, 47]
[55, 105, 58]
[40, 70, 39]
[40, 70, 39]
[40, 70, 44]
[55, 90, 57]
[45, 85, 50]
[45, 80, 52]
[55, 115, 61]
[35, 80, 41]
[35, 70, 40]
[55, 100, 55]
[45, 85, 45]
[55, 80, 56]
[40, 80, 43]
[30, 60, 33]
[50, 80, 49]
[50, 90, 52]
[50, 100, 56]
[40, 85, 47]
[55, 100, 52]
[55, 105, 60]
[40, 80, 42]
[50, 75, 49]
[45, 85, 49]
[50, 95, 52]
[55, 110, 54]
[40, 75, 40]
[50, 85, 57]
[45, 75, 48]
[45, 100, 50]
[30, 55, 30]
[40, 60, 38]
[45, 85, 45]
[50, 65, 46]
[55, 100, 60]
[55, 100, 60]
[40, 65, 38]
[50, 90, 51]
[35, 60, 35]
[40, 70, 44]
[50, 90, 50]
[45, 80, 44]
[45, 80, 47]
[40, 75, 42]
[45, 90, 48]
[55, 95, 57]
[55, 100, 54]
[35, 75, 44]
[45, 80, 50]
[50, 90, 53]
[45, 75, 49]
[55, 105, 61]
[50, 80, 48]
[50, 90, 56]
[50, 85, 53]
[45, 75, 44]
[55, 85, 52]
[50, 80, 53]
[45, 80, 50]
[50, 90, 52]
[40, 85, 45]
[50, 95, 55]
[55, 95, 56]
[50, 75, 47]
[45, 75, 43]
[30, 65, 39]
[50, 100, 55]
[50, 95, 53]
[50, 80, 48]
[35, 60, 36]
[55, 105, 64]
[50, 75, 47]
[55, 80, 53]
[50, 90, 53]
[55, 95, 57]
[50, 95, 54]
[50, 85, 49]
[50, 80, 46]
[35, 80, 42]
[35, 60, 37]
[45, 80, 52]
[50, 90, 49]
[45, 65, 42]
[40, 70, 41]
[35, 70, 40]
[50, 85, 51]
[50, 100, 56]
[50, 95, 53]
[40, 80, 45]
[55, 90, 57]
[45, 70, 46]
[50, 85, 49]
[35, 70, 38]
[45, 85, 48]
[50, 90, 55]
[55, 95, 56]
[40, 75, 42]
[55, 95, 59]
[55, 90, 53]
[55, 95, 63]
[50, 75, 51]
[45, 85, 48]
[40, 75, 45]
[50, 105, 54]
[45, 70, 48]
[35, 60, 39]
[55, 85, 52]
[55, 85, 57]
[50, 85, 47]
[55, 100, 61]
[45, 90, 50]
[55, 90, 63]
[45, 85, 48]
[40, 70, 40]
[40, 65, 44]
[55, 90, 57]
[55, 95, 55]
[45, 90, 50]
[55, 115, 61]
[50, 95, 52]
[55, 95, 55]
[50, 75, 50]
[45, 75, 45]
[55, 95, 53]
[35, 60, 36]
[55, 100, 55]
[45, 80, 47]
[45, 95, 54]
[45, 85, 50]
[55, 90, 60]
[50, 90, 53]
[45, 85, 50]
[40, 75, 45]
[50, 95, 48]
[50, 80, 48]
[50, 95, 54]
[50, 90, 57]
[45, 75, 46]
[50, 95, 53]
[55, 90, 54]
[55, 90, 58]
[50, 85, 54]
[50, 95, 53]
[40, 70, 41]
[40, 60, 38]
[55, 85, 54]
[40, 85, 47]
[50, 100, 53]
[50, 100, 61]
[40, 60, 42]
[45, 75, 45]
[45, 75, 46]
[40, 65, 42]
[45, 80, 53]
[35, 65, 38]
[50, 75, 47]
[55, 85, 56]
[50, 80, 50]
[40, 75, 40]
[40, 60, 41]
[50, 85, 55]
[30, 55, 33]
[45, 75, 45]
[45, 80, 46]
[40, 75, 40]
[50, 110, 56]
[50, 85, 50]
[55, 85, 51]
[35, 70, 39]
[55, 105, 58]
[50, 100, 55]
[35, 60, 37]
[50, 90, 56]
[50, 90, 53]
[55, 105, 59]
[40, 60, 40]
[50, 75, 51]
[50, 105, 57]
[55, 100, 57]
[45, 90, 52]
[40, 70, 43]
[35, 65, 40]
[40, 55, 40]
[45, 60, 39]
[55, 100, 54]
[50, 95, 52]
[45, 85, 52]
[55, 90, 55]
[45, 100, 52]
[55, 95, 59]
[55, 85, 54]
[50, 75, 46]
[45, 80, 48]
[40, 80, 43]
[55, 95, 59]
[45, 75, 47]
[50, 85, 54]
[30, 65, 37]
[40, 60, 39]
[50, 95, 52]
[50, 85, 48]
[45, 65, 42]
[50, 90, 56]
[35, 65, 39]
[40, 80, 43]
[55, 100, 59]
[50, 85, 52]
[45, 95, 50]
[50, 95, 55]
[45, 95, 48]
[35, 60, 40]
[55, 105, 62]
[55, 100, 59]
[55, 90, 54]
[50, 75, 51]
[55, 95, 62]
[45, 75, 45]
[50, 90, 54]
[55, 85, 51]
[55, 100, 61]
[50, 90, 52]
[45, 65, 45]
[55, 105, 62]
[50, 85, 52]
[50, 95, 53]
[50, 90, 53]
[30, 65, 37]
[45, 80, 48]
[45, 70, 47]
[50, 85, 52]
[55, 90, 55]
[50, 80, 52]
[50, 90, 52]
[50, 95, 56]
[55, 110, 61]
[35, 60, 35]
[20, 40, 23]
[50, 100, 58]
[45, 75, 44]
[45, 80, 48]
[55, 95, 56]
[45, 95, 50]
[40, 80, 45]
[50, 90, 56]
[45, 75, 45]
[55, 105, 62]
[55, 90, 56]
[55, 95, 59]
[40, 70, 41]
[45, 75, 46]
[45, 85, 50]
[55, 95, 60]
[40, 70, 41]
[45, 85, 45]
[45, 80, 47]
[40, 70, 42]
[40, 75, 47]
[50, 95, 55]
[55, 100, 58]
[50, 80, 51]
[50, 95, 55]
[45, 75, 48]
[40, 85, 47]
[55, 105, 59]
[40, 80, 43]
[50, 80, 51]
[45, 75, 46]
[50, 85, 48]
[40, 70, 45]
[45, 85, 46]
[55, 95, 59]
[30, 65, 37]
[45, 75, 45]
[50, 90, 50]
[45, 80, 46]
[45, 80, 48]
[50, 95, 53]
[50, 75, 45]
[45, 90, 47]
[55, 90, 55]
[50, 90, 55]
[50, 80, 51]
[45, 85, 47]
[40, 70, 41]
[50, 85, 49]
[45, 80, 43]
[35, 75, 35]
[50, 75, 49]
[40, 75, 41]
[45, 75, 46]
[30, 50, 31]
[40, 75, 43]
[45, 75, 44]
[55, 85, 57]
[40, 70, 43]
[45, 75, 48]
[45, 80, 45]
[30, 60, 32]
[50, 85, 47]
[50, 80, 46]
[45, 80, 48]
[50, 75, 46]
[55, 90, 56]
[45, 70, 46]
[35, 70, 40]
[40, 60, 39]
[45, 80, 46]
[55, 85, 56]
[30, 60, 35]
[55, 90, 54]
[45, 85, 46]
[45, 100, 48]
[45, 85, 51]
[45, 85, 49]
[45, 85, 52]
[45, 75, 44]
[45, 70, 43]
[40, 75, 43]
[40, 60, 38]
[55, 100, 55]
[45, 95, 50]
[50, 90, 53]
[45, 85, 48]
[45, 75, 45]
[45, 70, 46]
[55, 80, 57]
[40, 75, 41]
[45, 75, 49]
[40, 75, 43]
[50, 85, 51]
[50, 95, 53]
[45, 80, 50]
[50, 105, 51]
[50, 75, 46]
[50, 100, 56]
[55, 100, 57]
[55, 105, 62]
[40, 70, 43]
[55, 85, 54]
[55, 85, 53]
[50, 95, 52]
[35, 75, 40]
[50, 100, 56]
[55, 90, 61]
[45, 85, 52]
[55, 95, 61]
[35, 70, 37]
[50, 95, 52]
[45, 90, 49]
[50, 80, 53]
[45, 80, 50]
[55, 105, 59]
[55, 110, 59]
[50, 85, 55]
[55, 95, 58]
[50, 80, 50]
[45, 65, 42]
[30, 45, 29]
[45, 80, 48]
[50, 75, 51]
[50, 95, 55]
[55, 95, 61]
[50, 90, 49]
[45, 85, 48]
[45, 75, 48]
[45, 75, 49]
[40, 85, 47]
[50, 80, 51]
[55, 80, 53]
[45, 80, 45]
[35, 65, 38]
[30, 60, 33]
[50, 85, 50]
[55, 90, 53]
[50, 95, 52]
[45, 75, 47]
[40, 80, 45]
[45, 85, 50]
[30, 50, 33]
[55, 90, 55]
[55, 110, 60]
[50, 80, 50]
[35, 60, 36]
[45, 75, 48]
[45, 75, 47]
[50, 80, 55]
[45, 80, 46]
[45, 85, 49]
[55, 95, 63]
[35, 60, 40]
[45, 65, 42]
[40, 80, 45]
[50, 80, 50]
[55, 90, 53]
[50, 95, 53]
[50, 95, 56]
[45, 75, 48]
[55, 90, 54]
[55, 95, 57]
[45, 75, 45]
[45, 90, 48]
[55, 100, 56]
[45, 75, 46]
[35, 60, 37]
[45, 70, 45]
[50, 75, 50]
[40, 65, 42]
[45, 80, 50]
[50, 85, 55]
[40, 80, 47]
[45, 75, 50]
[50, 100, 52]
[45, 85, 50]
[45, 90, 52]
[55, 75, 52]
[45, 65, 46]
[45, 80, 49]
[50, 100, 54]
[40, 80, 49]
[35, 50, 37]
[30, 55, 30]
[55, 95, 56]
[55, 85, 52]
[45, 85, 46]
[45, 80, 46]
[55, 100, 56]
[45, 85, 52]
[50, 85, 55]
[55, 95, 57]
[55, 95, 52]
[55, 100, 62]
[40, 70, 42]
[45, 85, 50]
[50, 80, 48]
[45, 80, 44]
[45, 65, 40]
[45, 85, 46]
[45, 75, 50]
[50, 85, 53]
[50, 95, 54]
[45, 70, 43]
[50, 80, 50]
[55, 95, 58]
[50, 85, 55]
[50, 100, 52]
[50, 80, 50]
[50, 95, 55]
[50, 95, 54]
[50, 90, 55]
[50, 85, 53]
[40, 80, 45]
[55, 95, 55]
[45, 75, 44]
[55, 85, 55]
[55, 90, 52]
[45, 65, 42]
[35, 70, 42]
[35, 85, 40]
[50, 75, 51]
[50, 75, 49]
[30, 60, 32]
[50, 90, 53]
[50, 90, 55]
[55, 90, 55]
[45, 85, 47]
[45, 80, 45]
[50, 85, 51]
[45, 95, 51]
[45, 90, 50]
[45, 100, 54]
[35, 55, 37]
[45, 75, 47]
[50, 85, 50]
[25, 55, 26]
[30, 65, 37]
[50, 75, 48]
[45, 85, 49]
[40, 65, 41]
[40, 70, 45]
[50, 100, 53]
[55, 95, 55]
[55, 105, 59]
[40, 70, 42]
[40, 80, 42]
[55, 90, 54]
[55, 110, 60]
[55, 90, 50]
[45, 75, 45]
[50, 75, 47]
[50, 85, 58]
[55, 95, 57]
[40, 70, 43]
[45, 95, 54]
[50, 90, 51]
[55, 90, 59]
[50, 95, 56]
[45, 85, 48]
[55, 100, 55]
[45, 85, 47]
[40, 60, 41]
[45, 70, 42]
[45, 70, 47]
[45, 80, 43]
[35, 65, 37]
[55, 110, 56]
[50, 90, 52]
[50, 90, 53]
[55, 105, 55]
[50, 70, 48]
[30, 65, 34]
[45, 70, 41]
[55, 85, 58]
[55, 100, 60]
[25, 50, 28]
[55, 105, 64]
[50, 95, 49]
[50, 75, 47]
[55, 110, 65]
[50, 90, 50]
[40, 80, 45]
[50, 85, 53]
[40, 60, 40]
[50, 85, 52]
[50, 90, 55]
[30, 55, 35]
[50, 85, 49]
[15, 45, 20]
[50, 90, 53]
[50, 95, 57]
[50, 95, 53]
[55, 110, 56]
[55, 95, 57]
[55, 85, 57]
[40, 85, 44]
[45, 90, 49]
[35, 45, 33]
[40, 70, 39]
[45, 75, 47]
[50, 95, 59]
[55, 80, 54]
[45, 85, 50]
[50, 85, 57]
[50, 80, 51]
[50, 85, 57]
[40, 75, 42]
[55, 110, 61]
[50, 75, 49]
[45, 75, 49]
[35, 60, 35]
[55, 90, 56]
[40, 70, 41]
[45, 75, 45]
[45, 80, 49]
[50, 90, 55]
[55, 85, 55]
[35, 70, 36]
[50, 90, 51]
[45, 80, 46]
[55, 95, 59]
[35, 65, 34]
[45, 75, 44]
[45, 80, 48]
[55, 95, 55]
[50, 75, 50]
[55, 110, 62]
[50, 100, 52]
[55, 105, 62]
[50, 85, 55]
[45, 90, 49]
[45, 90, 46]
[45, 80, 46]
[50, 100, 54]
[40, 70, 45]
[55, 100, 59]
[35, 55, 35]
[45, 85, 48]
[50, 75, 49]
[50, 105, 53]
[40, 85, 44]
[55, 100, 53]
[45, 70, 48]
[50, 90, 49]
[40, 65, 40]
[45, 70, 40]
[55, 85, 57]
[50, 90, 52]
[50, 95, 53]
[55, 105, 60]
[40, 65, 38]
[50, 85, 52]
[30, 50, 32]
[50, 75, 51]
[30, 50, 32]
[55, 95, 57]
[50, 95, 56]
[45, 70, 44]
[50, 90, 52]
[55, 105, 59]
[35, 65, 37]
[50, 80, 52]
[50, 90, 53]
[50, 75, 52]
[50, 75, 51]
[50, 85, 53]
[45, 85, 48]
[50, 65, 52]
[55, 85, 55]
[55, 100, 57]
[50, 95, 53]
[55, 95, 56]
[45, 95, 50]
[55, 90, 56]
[45, 75, 46]
[50, 85, 49]
[50, 80, 54]
[45, 95, 45]
[50, 85, 50]
[50, 80, 51]
[45, 90, 46]
[35, 55, 36]
[50, 90, 51]
[50, 85, 49]
[50, 75, 49]
[50, 85, 52]
[35, 75, 37]
[50, 95, 56]
[50, 95, 59]
[40, 70, 42]
[40, 75, 45]
[50, 85, 50]
[50, 80, 51]
[35, 65, 37]
[30, 60, 33]
[45, 75, 41]
[55, 110, 62]
[45, 70, 47]
[50, 90, 52]
[50, 95, 51]
[55, 105, 58]
[45, 80, 47]
[50, 90, 55]
[25, 55, 28]
[55, 90, 56]
[55, 100, 56]
[45, 80, 52]
[55, 85, 56]
[35, 60, 37]
[40, 70, 44]
[50, 90, 52]
[50, 90, 54]
[35, 70, 38]
[55, 95, 56]
[45, 70, 43]
[50, 85, 52]
[45, 85, 48]
[35, 60, 38]
[50, 100, 54]
[50, 90, 56]
[55, 90, 53]
[45, 80, 48]
[55, 90, 54]
[50, 80, 48]
[30, 65, 33]
[50, 95, 55]
[50, 105, 62]
[50, 80, 50]
[55, 100, 57]
[50, 80, 50]
[55, 90, 59]
[55, 95, 60]
[35, 75, 39]
[50, 105, 55]
[50, 95, 56]
[40, 60, 41]
[35, 50, 33]
[45, 65, 42]
[35, 70, 38]
[40, 75, 46]
[55, 95, 65]
[45, 85, 48]
[45, 85, 47]
[40, 75, 40]
[50, 100, 55]
[45, 75, 47]
[50, 80, 49]
[50, 85, 48]
[40, 60, 39]
[35, 70, 36]
[40, 60, 41]
[45, 80, 46]
[55, 75, 56]
[40, 65, 38]
[40, 70, 43]
[40, 70, 39]
[45, 95, 50]
[45, 75, 44]
[45, 70, 49]
[45, 75, 47]
[50, 90, 50]
[45, 80, 47]
[45, 80, 50]
[35, 70, 41]
[45, 80, 48]
[50, 95, 55]
[40, 75, 42]
[30, 65, 36]
[20, 40, 24]
[50, 80, 48]
[45, 90, 51]
[50, 100, 57]
[40, 70, 42]
[40, 65, 41]
[50, 90, 55]
[45, 85, 49]
[45, 90, 44]
[45, 90, 48]
[35, 50, 34]
[45, 85, 52]
[50, 80, 50]
[45, 65, 44]
[45, 75, 46]
[55, 100, 55]
[45, 70, 46]
[35, 60, 35]
[55, 95, 58]
[55, 105, 56]
[55, 105, 58]
[50, 85, 49]
[50, 90, 55]
[55, 90, 55]
[55, 105, 58]
[35, 55, 34]
[40, 70, 42]
[50, 80, 57]
[40, 70, 39]
[50, 75, 48]
[40, 65, 37]
[55, 90, 55]
[35, 75, 44]
[50, 95, 52]
[55, 80, 54]
[50, 95, 59]
[40, 75, 40]
[45, 80, 46]
[45, 70, 47]
[40, 65, 42]
[45, 95, 51]
[40, 85, 43]
[45, 90, 47]
[40, 70, 41]
[40, 75, 44]
[40, 65, 49]
[50, 75, 51]
[50, 95, 52]
[50, 85, 54]
[55, 80, 48]
[55, 110, 61]
[40, 75, 41]
[50, 90, 53]
[45, 85, 53]
[40, 60, 40]
[50, 90, 56]
[45, 70, 46]
[45, 85, 47]
[45, 80, 47]
[55, 100, 58]
[50, 95, 56]
[45, 70, 41]
[40, 70, 38]
[45, 80, 47]
[45, 70, 45]
[50, 90, 56]
[50, 80, 53]
[55, 105, 62]
[45, 70, 45]
[55, 100, 54]
[50, 80, 53]
[55, 95, 60]
[45, 80, 47]
[45, 75, 43]
[55, 85, 55]
[55, 100, 61]
[50, 85, 53]
[45, 90, 46]
[50, 80, 50]
[50, 75, 52]
[55, 105, 58]
[40, 80, 38]
[55, 90, 54]
[50, 90, 53]
[45, 80, 47]
[40, 70, 45]
[40, 70, 43]
[50, 85, 55]
[45, 90, 46]
[30, 55, 32]
[50, 90, 52]
[40, 85, 49]
[50, 100, 54]
[55, 80, 54]
[50, 90, 53]
[50, 75, 50]
[40, 75, 42]
[50, 90, 52]
[55, 80, 53]
[55, 90, 58]
[55, 95, 55]
[45, 75, 46]
[55, 85, 55]
[50, 85, 52]
[40, 55, 37]
[55, 90, 59]
[30, 55, 29]
[40, 80, 41]
[30, 65, 33]
[50, 90, 55]
[50, 90, 56]
[50, 85, 53]
[55, 105, 64]
[45, 75, 48]
[40, 65, 41]
[45, 80, 48]
[40, 75, 42]
[45, 85, 51]
[35, 55, 37]
[40, 70, 44]
[40, 75, 43]
[55, 95, 57]
[50, 100, 54]
[50, 105, 56]
[30, 60, 31]
[50, 90, 50]
[45, 80, 44]
[45, 75, 45]
[45, 75, 46]
[45, 80, 45]
[50, 90, 56]
[45, 80, 46]
[55, 100, 63]
[50, 80, 50]
[40, 65, 40]
[30, 60, 33]
[45, 90, 50]
[25, 50, 28]
[45, 65, 42]
[30, 65, 32]
[40, 75, 39]
[55, 85, 55]
[50, 80, 50]
[40, 70, 38]
[55, 90, 59]
[45, 65, 45]
[45, 85, 49]
[45, 75, 46]
[40, 85, 46]
[50, 90, 52]
[45, 80, 46]
[50, 75, 53]
[35, 60, 35]
[50, 85, 51]
[35, 55, 37]
[40, 65, 40]
[50, 100, 61]
[45, 65, 42]
[50, 80, 49]
[50, 95, 52]
[50, 85, 49]
[50, 75, 47]
[55, 90, 52]
[55, 90, 55]
[55, 95, 57]
[40, 65, 37]
[45, 80, 45]
[45, 70, 46]
[40, 70, 41]
[35, 75, 40]
[50, 85, 54]
[55, 90, 54]
[50, 85, 48]
[45, 90, 48]
[45, 75, 49]
[50, 90, 52]
[50, 100, 57]
[30, 60, 31]
[45, 60, 41]
[30, 60, 33]
[45, 70, 47]
[40, 85, 43]
[50, 85, 51]
[45, 70, 46]
[55, 95, 55]
[55, 90, 55]
[45, 90, 56]
[45, 80, 46]
[55, 105, 57]
[45, 85, 50]
[50, 85, 51]
[45, 85, 48]
[45, 65, 45]
[50, 90, 50]
[45, 75, 46]
[55, 95, 59]
[50, 85, 50]
[55, 100, 61]
[45, 85, 47]
[55, 105, 61]
[40, 75, 41]
[55, 115, 56]
[50, 100, 55]
[55, 110, 61]
[45, 85, 50]
[50, 95, 55]
[40, 85, 44]
[50, 85, 55]
[55, 90, 54]
[55, 100, 58]
[55, 95, 54]
[45, 80, 50]
[35, 60, 37]
[45, 75, 47]
[40, 70, 43]
[55, 100, 56]
[55, 105, 61]
[50, 75, 50]
[50, 100, 52]
[50, 100, 56]
[45, 80, 45]
[45, 75, 46]
[55, 95, 54]
[50, 95, 52]
[45, 70, 47]
[50, 85, 53]
[45, 90, 52]
[50, 80, 50]
[45, 80, 50]
[50, 85, 51]
[45, 85, 44]
[50, 100, 53]
[40, 70, 46]
[40, 70, 40]
[55, 90, 55]
[40, 70, 42]
[55, 105, 61]
[45, 85, 49]
[45, 95, 51]
[40, 65, 41]
[55, 100, 61]
[50, 90, 57]
[55, 100, 54]
[30, 60, 37]
[45, 80, 48]
[45, 75, 44]
[55, 100, 57]
[55, 100, 57]
[50, 80, 52]
[45, 80, 48]
[55, 90, 57]
[50, 90, 51]
[50, 85, 50]
[45, 75, 45]
[50, 95, 55]
[50, 85, 53]
[45, 75, 44]
[50, 85, 53]
[55, 95, 59]
[50, 80, 50]
[55, 100, 62]
[50, 80, 53]
[50, 85, 49]
[55, 100, 57]
[55, 80, 53]
[55, 90, 51]
[45, 80, 49]
[30, 50, 31]
[50, 80, 47]
[45, 75, 46]
[50, 100, 55]
[45, 75, 44]
[40, 85, 42]
[55, 110, 62]
[55, 90, 55]
[40, 70, 42]
[45, 90, 48]
[45, 80, 46]
[50, 95, 51]
[50, 100, 58]
[50, 105, 61]
[35, 70, 38]
[50, 95, 50]
[50, 80, 51]
[50, 70, 49]
[50, 95, 55]
[55, 110, 59]
[45, 80, 45]
[50, 80, 51]
[45, 85, 45]
[50, 85, 53]
[40, 70, 41]
[55, 100, 60]
[55, 85, 54]
[50, 85, 51]
[45, 70, 41]
[40, 70, 42]
[55, 100, 54]
[35, 55, 36]
[40, 75, 41]
[35, 70, 38]
[55, 90, 56]
[35, 70, 36]
[55, 95, 60]
[55, 110, 62]
[35, 70, 36]
[45, 80, 42]
[50, 80, 53]
[45, 80, 47]
[40, 60, 39]
[50, 95, 54]
[45, 95, 48]
[50, 80, 50]
[35, 75, 40]
[45, 75, 48]
[40, 80, 47]
[35, 70, 40]
[45, 70, 42]
[50, 65, 50]
[45, 80, 50]
[55, 80, 53]
[45, 90, 51]
[55, 85, 56]
[45, 75, 45]
[45, 80, 45]
[55, 75, 52]
[55, 100, 61]
[55, 105, 58]
[55, 100, 58]
[55, 90, 55]
[55, 90, 60]
[45, 85, 47]
[55, 105, 55]
[55, 105, 65]
[55, 115, 61]
[45, 60, 47]
[40, 65, 45]
[45, 90, 49]
[50, 80, 54]
[35, 60, 39]
[50, 85, 51]
[50, 85, 51]
[50, 100, 58]
[45, 85, 47]
[45, 80, 48]
[45, 75, 46]
[55, 85, 55]
[55, 95, 57]
[40, 90, 49]
[50, 90, 51]
[40, 70, 41]
[50, 80, 51]
[55, 90, 59]
[45, 70, 45]
[55, 100, 56]
[50, 85, 54]
[35, 65, 37]
[35, 60, 38]
[40, 75, 40]
[35, 65, 37]
[55, 85, 54]
[35, 70, 37]
[40, 55, 39]
[35, 60, 38]
[50, 80, 53]
[40, 70, 47]
[50, 95, 60]
[40, 75, 43]
[45, 70, 45]
[45, 75, 45]
[50, 95, 52]
[45, 70, 42]
[50, 95, 53]
[50, 90, 52]
[55, 105, 56]
[50, 80, 49]
[50, 95, 52]
[55, 95, 55]
[35, 50, 33]
[50, 90, 55]
[50, 90, 52]
[35, 80, 41]
[50, 90, 52]
[50, 85, 53]
[45, 85, 48]
[50, 95, 55]
[40, 90, 43]
[40, 70, 44]
[50, 90, 51]
[55, 105, 62]
[40, 80, 46]
[55, 90, 55]
[50, 80, 53]
[40, 85, 49]
[50, 85, 54]
[50, 85, 54]
[50, 100, 55]
[55, 100, 55]
[40, 95, 47]
[45, 90, 50]
[55, 95, 55]
[55, 120, 64]
[35, 70, 40]
[50, 80, 47]
[55, 100, 56]
[45, 70, 45]
[50, 70, 46]
[55, 90, 54]
[40, 60, 39]
[50, 90, 51]
[45, 85, 43]
[55, 110, 63]
[45, 80, 48]
[45, 95, 48]
[55, 105, 62]
[40, 80, 44]
[45, 80, 46]
[45, 70, 46]
[50, 95, 54]
[45, 70, 43]
[45, 75, 46]
[50, 80, 48]
[40, 60, 37]
[45, 80, 48]
[35, 55, 36]
[55, 110, 62]
[55, 100, 56]
[50, 85, 55]
[40, 60, 41]
[45, 80, 46]
[50, 85, 48]
[50, 90, 51]
[55, 90, 58]
[50, 95, 56]
[55, 100, 58]
[35, 65, 37]
[25, 55, 30]
[55, 100, 59]
[50, 85, 48]
[40, 70, 41]
[45, 85, 47]
[50, 95, 53]
[45, 80, 43]
[55, 80, 53]
[45, 85, 48]
[35, 60, 39]
[45, 80, 46]
[45, 80, 41]
[50, 80, 50]
[50, 95, 56]
[55, 100, 57]
[55, 90, 61]
[40, 75, 41]
[50, 85, 54]
[45, 65, 44]
[55, 100, 58]
[55, 110, 59]
[45, 65, 48]
[45, 85, 44]
[45, 90, 46]
[45, 70, 45]
[45, 85, 52]
[55, 95, 60]
[55, 105, 59]
[50, 90, 52]
[50, 90, 55]
[50, 90, 51]
[50, 100, 55]
[30, 70, 33]
[45, 80, 46]
[55, 90, 56]
[50, 70, 46]
[50, 85, 49]
[55, 95, 55]
[55, 100, 59]
[50, 105, 53]
[45, 85, 46]
[55, 95, 59]
[40, 70, 44]
[45, 80, 47]
[50, 85, 54]
[45, 80, 46]
[50, 75, 46]
[50, 85, 52]
[55, 110, 66]
[45, 75, 47]
[45, 85, 45]
[45, 85, 44]
[55, 95, 55]
[55, 95, 54]
[45, 90, 50]
[50, 105, 55]
[55, 100, 56]
[50, 95, 54]
[45, 80, 48]
[45, 90, 50]
[50, 100, 57]
[50, 85, 51]
[45, 90, 50]
[55, 95, 61]
[35, 70, 42]
[35, 65, 37]
[55, 80, 54]
[55, 90, 54]
[50, 95, 59]
[45, 75, 44]
[50, 90, 54]
[55, 95, 56]
[55, 100, 58]
[50, 85, 49]
[50, 100, 54]
[45, 85, 55]
[30, 65, 35]
[55, 100, 57]
[50, 70, 49]
[55, 100, 62]
[40, 65, 40]
[45, 75, 47]
[35, 70, 40]
[50, 90, 54]
[55, 100, 58]
[55, 90, 55]
[50, 75, 50]
[45, 60, 42]
[55, 90, 54]
[55, 80, 57]
[45, 90, 45]
[55, 85, 59]
[50, 90, 51]
[50, 95, 54]
[50, 85, 53]
[50, 95, 54]
[45, 75, 50]
[50, 90, 56]
[45, 70, 44]
[50, 85, 48]
[50, 75, 48]
[55, 85, 54]
[30, 60, 35]
[45, 80, 48]
[40, 80, 45]
[40, 65, 40]
[45, 80, 43]
[50, 85, 51]
[30, 60, 36]
[50, 85, 51]
[55, 100, 58]
[55, 110, 60]
[55, 105, 58]
[40, 80, 41]
[55, 105, 56]
[40, 60, 41]
[50, 105, 58]
[45, 85, 55]
[45, 65, 43]
[55, 95, 61]
[45, 90, 48]
[55, 105, 59]
[35, 60, 35]
[55, 100, 56]
[55, 85, 57]
[50, 85, 48]
[40, 80, 43]
[55, 85, 51]
[45, 85, 45]
[50, 85, 50]
[50, 90, 56]
[45, 65, 45]
[45, 85, 47]
[50, 85, 52]
[55, 95, 56]
[50, 85, 49]
[55, 105, 59]
[50, 95, 53]
[20, 40, 23]
[50, 95, 58]
[50, 85, 48]
[50, 75, 47]
[50, 90, 51]
[50, 85, 50]
[50, 100, 55]
[45, 85, 46]
[50, 75, 47]
[45, 90, 47]
[35, 65, 36]
[55, 90, 59]
[50, 100, 53]
[45, 85, 48]
[45, 65, 48]
[50, 75, 51]
[55, 90, 54]
[55, 90, 55]
[55, 95, 58]
[50, 90, 52]
[40, 70, 43]
[45, 70, 44]
[55, 90, 56]
[50, 80, 51]
[45, 70, 45]
[30, 65, 35]
[55, 95, 56]
[45, 75, 48]
[40, 60, 40]
[50, 75, 49]
[55, 105, 55]
[45, 75, 46]
[50, 85, 55]
[50, 95, 52]
[50, 75, 49]
[35, 60, 33]
[55, 105, 61]
[45, 90, 49]
[50, 80, 53]
[40, 75, 44]
[40, 70, 40]
[35, 70, 40]
[45, 85, 47]
[50, 100, 53]
[45, 70, 44]
[45, 80, 47]
[55, 95, 55]
[45, 75, 46]
[25, 50, 31]
[55, 105, 64]
[45, 80, 50]
[45, 85, 46]
[55, 80, 54]
[50, 70, 49]
[50, 80, 50]
[40, 70, 44]
[55, 80, 51]
[45, 85, 45]
[50, 95, 54]
[40, 80, 43]
[55, 100, 57]
[50, 95, 50]
[55, 100, 56]
[40, 75, 42]
[50, 70, 47]
[50, 85, 51]
[50, 90, 52]
[50, 75, 48]
[35, 65, 37]
[45, 65, 44]
[45, 90, 47]
[55, 100, 58]
[50, 95, 53]
[45, 85, 50]
[55, 105, 61]
[45, 75, 45]
[35, 80, 36]
[45, 85, 46]
[35, 65, 36]
[50, 95, 55]
[45, 85, 46]
[50, 75, 50]
[45, 65, 44]
[50, 85, 48]
[50, 80, 48]
[50, 100, 56]
[45, 70, 45]
[20, 45, 23]
[45, 75, 45]
[25, 60, 30]
[50, 90, 51]
[45, 70, 47]
[40, 65, 38]
[40, 70, 42]
[50, 85, 51]
[50, 100, 52]
[45, 80, 46]
[45, 75, 47]
[55, 110, 59]
[50, 90, 56]
[35, 70, 40]
[45, 85, 52]
[55, 100, 59]
[45, 75, 42]
[55, 100, 59]
[50, 100, 54]
[45, 80, 48]
[45, 60, 46]
[55, 95, 59]
[50, 85, 55]
[40, 80, 41]
[50, 85, 49]
[50, 80, 50]
[45, 85, 51]
[45, 85, 47]
[55, 85, 55]
[55, 90, 57]
[40, 70, 41]
[40, 80, 42]
[50, 100, 51]
[45, 90, 48]
[50, 90, 52]
[45, 80, 45]
[55, 105, 60]
[45, 80, 44]
[40, 85, 45]
[40, 70, 43]
[40, 70, 42]
[50, 90, 56]
[50, 95, 55]
[45, 75, 49]
